picks choicecount closurecount choicesize closuresize
0 1 9 16455769 468476093
1 2 33 52960067 1302003195
2 3 45 111992968 2485820068
3 4 57 183861731 3232457027
4 5 72 230434614 3709318380
5 6 81 304867273 4466059810
6 7 94 345077789 5246721468
7 8 105 412801388 5904999770
8 9 120 471578593 6188892471
9 10 135 586803473 7053897070
10 11 140 658947148 7328915650
11 12 153 744979394 7807048429
12 13 161 804119004 8701704265
13 14 173 883993253 9034719249
14 15 186 940257203 9973254187
15 16 194 970745165 10496247021
16 17 202 1110862339 10962543997
17 18 211 1267328026 11295050894
18 19 221 1398675608 11860500046
19 20 235 1438089877 12419758577
20 21 241 1467054059 12655567762
21 22 258 1493772898 12985516813
22 23 263 1665151224 14079972372
23 24 272 1747606430 14382865087
24 25 284 1776744706 14848631804
25 26 291 1803299188 15312839238
26 27 297 1960984847 15601612191
27 28 307 2037040484 15916727136
28 29 313 2086307459 16249901085
29 30 323 2211068860 17047540136
30 31 327 2263780744 17219735755
31 32 334 2340923282 17583061426
32 33 341 2389213058 18001849789
33 34 348 2475871447 18687838371
34 35 352 2500264070 18852843005
35 36 368 2506418990 19104287929
36 37 378 2663563622 19739121718
37 38 385 2745574820 19839589818
38 39 388 2791758532 20303737148
39 40 405 2800473817 20413528043
40 41 415 2867480423 20945573037
41 42 423 2935701831 21190686117
42 43 430 2950663552 21471841754
43 44 438 2953966854 21985311389
44 45 444 3293541906 22313795044
45 46 455 3293672924 22550493447
46 47 458 3312437480 22720669893
47 48 470 3344002012 23220502109
48 49 471 3420946402 23503899022
49 50 473 3480237834 23870416822
50 51 485 3671519600 24097414598
51 52 489 3680342547 24464905287
52 53 496 3711454358 24793505458
53 54 501 3739553332 24975140520
54 55 507 3855299851 25165086868
55 56 517 3907045711 25602690086
56 57 522 4067740639 25873827779
57 58 525 4117410391 26394881652
58 59 532 4161887339 26593681947
59 60 534 4317666072 27000622522
60 61 546 4358275324 27011118564
61 62 554 4431833146 27694364135
62 63 560 4503149320 27871154628
63 64 566 4630991736 28069499616
64 65 574 4773428907 28577974926
65 66 579 4851941049 28766271565
66 67 584 4852874709 29288094041
67 68 591 4877476129 29469608984
68 69 600 5042402890 29756760577
69 70 609 5195369752 30198613271
70 71 614 5213479279 30647126161
71 72 622 5276970129 30943481970
72 73 633 5327343930 31246921069
73 74 635 5356205963 31384857131
74 75 640 5445678362 31395559789
75 76 648 5627049611 31975674626
76 77 652 5694110642 32043100535
77 78 658 5720754270 32903968979
78 79 669 5754764113 33028324456
79 80 674 5835742007 33142967926
80 81 689 5864362989 33686933368
81 82 692 5993127919 33992145764
82 83 699 6027415317 34176820421
83 84 704 6120473331 34301784254
84 85 715 6173879066 34522493522
85 86 722 6356606662 34879043515
86 87 725 6364227662 35094857265
87 88 735 6463636665 35573171908
88 89 738 6477336393 35625908256
89 90 741 6492086865 35880600743
90 91 748 6552583730 36140012217
91 92 755 6555197574 36141543795
92 93 757 6591740004 36504986795
93 94 760 6695243113 37047395494
94 95 765 6695412827 37182059361
95 96 767 6791053235 37691851645
96 97 769 6874548063 37974584561
97 98 776 7092479341 38198059222
98 99 783 7219314417 38495232680
99 100 785 7266358002 38660156481
100 101 792 7407092062 38982557441
101 102 795 7420648539 39212033749
102 103 801 7552150574 39505538550
103 104 805 7559493351 39697374447
104 105 816 7627146225 39926134473
105 106 820 7677004385 40098721760
106 107 827 7679695057 40524452034
107 108 835 7707917348 40719249694
108 109 839 7759336330 41437767272
109 109 845 7846581154 41661922609
110 110 851 7996782289 41952030404
111 111 855 8195687609 42130887093
112 112 859 8343869697 42224455602
113 113 863 8377724255 42682684555
114 114 866 8379185715 42801652163
115 115 868 8411758059 42982240958
116 116 872 8414536910 43190036799
117 117 880 8478758804 43509649785
118 118 882 8583658911 43577687913
119 119 884 8637708853 43917734268
120 120 893 8675473043 44138337679
121 121 898 8760156627 44451561312
122 122 906 8821390753 44644623610
123 123 909 8888091552 44775743185
124 124 911 8896747341 45116579800
125 125 914 8949648405 45601958395
126 126 920 8966651557 45744706844
127 127 934 9086949430 45895416742
128 128 938 9174606534 46304765309
129 129 940 9236544894 46314041854
130 130 942 9503932365 46986729417
131 131 949 9507166763 47296841972
132 132 950 9531988823 47308702528
133 133 952 9852068911 47601276672
134 134 960 9906873955 47915690267
135 135 964 10023109207 47956973666
136 136 968 10199834764 48010393118
137 137 977 10263564835 48288059365
138 138 980 10392152639 48849168635
139 139 982 10400542245 48890428683
140 140 988 10420565143 49333633762
141 141 994 10421014331 49935109200
142 142 1000 10468265264 50027265608
143 143 1004 10500460417 50027265608
144 144 1006 10581582454 50136652466
145 145 1012 10583545964 50309342458
146 146 1015 10623634646 50450105264
147 147 1022 10756799823 50919659312
148 148 1024 10835798021 50996202915
149 149 1028 10908988394 51124611403
150 150 1030 10941697269 52144630400
151 151 1032 11000113232 52168133558
152 152 1044 11183161972 52783143771
153 153 1047 11246424544 52830498576
154 154 1051 11288181433 52847073334
155 155 1056 11406336295 52993906650
156 156 1057 11428893278 53000105145
157 157 1067 11448178640 53127047096
158 158 1069 11655055739 53356646403
159 159 1071 11669424770 53488080574
160 160 1074 11878821691 53699298212
161 161 1078 12068079724 53813789980
162 162 1082 12218837085 54279745332
163 163 1087 12343378947 54375023570
164 164 1089 12449574482 54563658204
165 165 1091 12450899528 54852519780
166 166 1096 12524547046 54931022661
167 167 1097 12532884077 55022326746
168 168 1102 12533071786 55161203230
169 169 1107 12614953611 55520664913
170 170 1113 12635554109 55666492719
171 171 1115 12752188630 55827351955
172 172 1117 12757581968 55912785887
173 173 1118 12883514520 56253887225
174 174 1121 12894533513 56381439682
175 175 1133 13048489277 56473457254
176 176 1137 13162358725 56806079171
177 177 1140 13251821194 56978349413
178 178 1144 13289057933 57082323979
179 179 1151 13333887591 57464532798
180 180 1152 13510515628 57812178283
181 181 1160 13591577656 57855646093
182 182 1162 13762950726 58341612540
183 182 1170 13850754686 58478880920
184 183 1173 13908668281 58524834105
185 184 1178 13941239525 58699273434
186 185 1180 14071491231 58821979001
187 186 1182 14086562875 58824227538
188 187 1183 14223323844 59573085816
189 188 1185 14224658846 59880834066
190 189 1188 14275914974 59955270812
191 190 1190 14276487813 60188881637
192 191 1193 14299176913 60341788347
193 192 1199 14352229410 60454420990
194 193 1202 14387105573 60600476427
195 194 1204 14393759926 60601635720
196 195 1214 14494244442 60869626522
197 196 1215 14630862775 61064668672
198 197 1216 14631572468 61113622339
199 198 1223 14791299533 61223816880
200 199 1224 14883075691 61518853630
201 200 1229 14895044501 61795992541
202 201 1234 14952700277 62100954523
203 202 1239 14959931867 62319603964
204 203 1241 14975812221 62782188140
205 204 1249 15235152887 63316908621
206 205 1251 15283130473 63693881270
207 206 1254 15291774963 63708973044
208 207 1258 15454771220 63771030393
209 208 1260 15511317659 64061505015
210 209 1264 15576637314 64344672576
211 210 1269 15633421104 64653695415
212 211 1272 15853239081 64808809683
213 212 1278 15866353838 64929541561
214 213 1279 15916635225 65158680244
215 214 1285 16003277196 65387875879
216 215 1289 16028873984 65828095996
217 216 1299 16030477648 65828095996
218 217 1307 16121729567 66174804706
219 218 1312 16165782423 66367685587
220 219 1313 16224983188 66401034510
221 220 1314 16327075339 67136618999
222 221 1317 16336822545 67270895941
223 222 1318 16336922418 67327421236
224 223 1320 16386692691 67528367939
225 224 1325 16423363652 67853478109
226 225 1328 16534863712 67932740893
227 226 1335 16562715826 67934646179
228 227 1336 16589963947 68199493272
229 228 1341 16689866602 68456248697
230 229 1342 16788238698 68608978979
231 230 1343 16794525473 68699409666
232 231 1346 16794525473 68827351661
233 231 1348 16853750980 69043370284
234 232 1357 16963585229 69429043302
235 233 1359 17101959874 69614940258
236 234 1359 17124211617 69700609688
237 235 1361 17197270452 69844982697
238 236 1363 17230395797 70048496902
239 237 1365 17333344328 70048496902
240 238 1366 17384905050 70303277256
241 239 1372 17589438245 70670165573
242 240 1374 17672336114 70809162278
243 241 1376 17675178937 70888056818
244 242 1389 17809466742 71194404809
245 243 1389 17810877150 71428964967
246 244 1391 17855681095 71502105360
247 245 1396 17939668152 71757036587
248 246 1397 18028146238 71918341935
249 247 1398 18043024177 72029030124
250 248 1407 18045526468 72218006214
251 249 1412 18055682905 72276965516
252 250 1415 18228384189 72335603238
253 251 1424 18393510548 72728234528
254 252 1427 18408229101 72965954104
255 253 1430 18733605913 73051234850
256 254 1433 18796069342 73220374048
257 255 1444 18940835987 73443940519
258 256 1451 19039259323 73895305032
259 257 1453 19039263495 73903643529
260 258 1456 19279228100 74345758255
261 259 1457 19469089123 74346479379
262 260 1462 19516012087 74469897081
263 261 1464 19524749768 74631105093
264 262 1467 19534713139 74924545258
265 263 1468 19570012166 75039011426
266 264 1475 19651243901 75436582844
267 265 1477 19678293777 75447437357
268 266 1479 19763766313 75530979146
269 267 1482 19825582014 75613664379
270 268 1485 19972810817 76005266126
271 269 1487 20018798054 76271682120
272 270 1488 20074224071 76578131264
273 271 1491 20119995321 76668097635
274 272 1497 20312540363 76685441475
275 273 1500 20414963614 77168779550
276 274 1501 20464702114 77169623676
277 275 1502 20477989364 77337469618
278 276 1503 20530118224 77427129016
279 277 1507 20624430350 77498135546
280 278 1513 20713323668 77678993993
281 279 1516 20784918434 77839791114
282 279 1518 20836821682 78053925937
283 280 1523 20841495278 78468783779
284 281 1526 20894559668 78516243052
285 282 1528 20949608521 78533674819
286 283 1529 20958463813 78581743091
287 284 1530 20961104446 78686215710
288 285 1531 20966228794 78881999902
289 286 1535 21136990512 79194335164
290 287 1538 21158831479 79194774101
291 288 1539 21168517306 79195177934
292 289 1540 21386620930 79497731482
293 290 1540 21436870154 79559492320
294 291 1544 21469548189 80480608222
295 292 1551 21648786822 80776049652
296 293 1551 21877122152 81167302613
297 294 1554 21989430235 81209122690
298 295 1554 22019956595 81507934766
299 296 1557 22066598524 81529748590
300 297 1557 22091967092 81586441360
301 298 1573 22128008955 81652459321
302 299 1577 22190502738 82048311360
303 300 1586 22202121649 82218858855
304 301 1587 22202806615 82382752923
305 302 1590 22221014712 82403680646
306 303 1591 22366077598 82574408735
307 304 1592 22368679135 82652123839
308 305 1600 22483429716 82856785957
309 306 1610 22522229131 82885676851
310 307 1614 22695285668 83453044960
311 308 1615 22800437571 83527402399
312 309 1617 22904967341 83651079210
313 310 1624 22968210950 84059360347
314 311 1625 23047407776 84203114546
315 311 1628 23050917506 84509725393
316 312 1632 23132789117 84527875837
317 313 1633 23143220943 84582119561
318 314 1635 23150158705 84679937280
319 315 1636 23151424985 84683044642
320 316 1638 23315732248 85269415389
321 317 1638 23370519240 85270331703
322 318 1641 23420870281 85441527701
323 319 1644 23466699947 85517147846
324 320 1646 23501146408 85983110306
325 321 1647 23573125190 86154039335
326 322 1651 23594157041 86249318784
327 323 1654 23785695524 86300856115
328 324 1655 23932020022 86546080368
329 325 1664 23951157186 86868603039
330 326 1666 24041317743 86987487122
331 327 1667 24099068533 87085742392
332 328 1668 24126608100 87224535823
333 329 1669 24126608100 87313127397
334 330 1671 24128328628 87313175565
335 331 1673 24178172880 87633878516
336 332 1675 24310505739 88274227098
337 333 1682 24435849176 88282548416
338 334 1685 24480816701 88568067471
339 335 1686 24484125219 88665638006
340 336 1687 24521271653 88671598829
341 337 1693 24698944588 88961390736
342 337 1694 24705724072 88967763542
343 338 1695 24792701670 89252731581
344 339 1697 24796898371 89339604073
345 340 1698 24864037497 89529115026
346 341 1699 24939058855 89790865006
347 342 1700 25052189971 90053789266
348 343 1703 25124578786 90175335358
349 344 1707 25531947692 90181123527
350 345 1710 25533312945 90200912768
351 346 1713 25567560373 90244782320
352 347 1716 25715127332 90307135424
353 348 1718 25715602521 90408443896
354 349 1719 25731184239 90409990105
355 350 1723 25815215278 90606411094
356 351 1725 25869448000 90674926710
357 352 1727 26160297262 90764918230
358 353 1727 26491054777 91276100709
359 354 1732 26750958137 91707116902
360 355 1733 26843892697 91924350134
361 356 1734 26902361397 91943667850
362 357 1746 26953967080 92166443464
363 358 1748 26954050373 92482435852
364 359 1751 26965662171 92499333117
365 360 1753 26990408552 92583227630
366 361 1754 27124993860 92956542521
367 362 1767 27125428887 92979882304
368 363 1769 27125616417 93231418214
369 363 1770 27409491173 93438425378
370 364 1771 27519417868 93511142565
371 365 1774 27522222480 93516930365
372 366 1775 27622698254 93532187333
373 367 1777 27626074094 93721098876
374 368 1786 27742775575 94084884880
375 369 1788 27805025272 94091522397
376 370 1794 27805091301 94222932984
377 371 1794 27942665652 94361555362
378 372 1798 27944933199 94365311940
379 373 1801 28039999759 94374895539
380 374 1806 28324373655 94452505374
381 375 1807 28341486564 94601149777
382 376 1810 28398247247 94653187294
383 377 1816 28424969627 95123022658
384 378 1817 28425481648 95297370914
385 379 1821 28427660054 95390084463
386 380 1822 28505866643 95581305529
387 381 1824 28619219352 95743452328
388 382 1829 28633519593 95941890882
389 383 1830 28642123575 96123900363
390 384 1830 28642228947 96512910928
391 384 1832 28650808889 96663803244
392 385 1832 28706728160 96673440559
393 386 1834 28783138139 96742455479
394 387 1837 28793815818 96902400128
395 388 1840 28903588141 97399595221
396 389 1842 28966222894 97399595221
397 390 1846 29080975278 97499603386
398 391 1847 29088976151 97499636737
399 392 1848 29157985813 97570080265
400 393 1849 29438979880 97861336873
401 394 1851 29467144818 98054504084
402 395 1852 29496922783 98054591021
403 396 1854 29557146328 98132489645
404 397 1856 29647139253 98161374848
405 398 1857 29759505841 98613664417
406 399 1860 29843361426 99203335231
407 400 1862 29848977200 99341864988
408 401 1866 29885417321 99425339591
409 402 1871 29990772642 99505882638
410 403 1878 30192811388 100026909568
411 404 1878 30269624849 100184143618
412 405 1885 30435822449 100384369610
413 406 1886 30435960457 100434505137
414 407 1886 30492714944 100479042278
415 408 1888 30495298221 100757806361
416 409 1892 30630748184 100798499852
417 410 1895 30671230653 100848342451
418 411 1898 30694666014 100857867124
419 412 1899 30762642327 101142315056
420 413 1907 30837958364 101554431333
421 414 1909 30838462188 101562373960
422 415 1911 30891889561 101720076061
423 416 1912 30986029684 101918781368
424 416 1918 31017337409 102000012675
425 417 1921 31031086206 102243303630
426 418 1922 31109914694 102576375734
427 419 1922 31113665223 102580673349
428 420 1923 31114902369 102581068858
429 421 1925 31201633392 102988922767
430 422 1926 31393665071 103072010752
431 423 1928 31432022058 103097335602
432 424 1935 31520202230 103097615242
433 425 1937 31565873545 103097615242
434 425 1938 31694377234 103448687218
435 426 1940 31825864918 103497625344
436 427 1952 32114202054 103521698877
437 428 1954 32152565695 103587606113
438 429 1955 32309465246 103588133608
439 430 1960 32325360127 103670272973
440 431 1967 32339045386 103834914981
441 432 1968 32399523345 104072868279
442 433 1973 32451087206 104359703366
443 434 1973 32482410442 104408654672
444 435 1980 32497731056 104411861813
445 436 1982 32595560627 105023586702
446 437 1983 32630034915 105060337804
447 438 1984 32649110299 105064517769
448 439 1985 32651499080 105136336875
449 440 1987 32655009476 105667223595
450 441 1988 32710825740 105680514732
451 442 1991 32743726015 105680543461
452 443 1991 32818484628 106022110127
453 444 1992 32826823842 106056950540
454 445 1995 32827174914 106059643905
455 446 1999 32839606720 106512578421
456 447 2000 32840264427 106521660143
457 448 2000 32945101123 106891699330
458 449 2003 33047735958 106893587708
459 450 2004 33153980148 107204534762
460 451 2005 33190502448 107893401938
461 452 2006 33219519725 107893449516
462 452 2019 33434588040 108132338510
463 453 2020 33451552206 108401079434
464 454 2020 33467281251 108470319145
465 455 2022 33581796952 108477964794
466 456 2022 33690370899 108596059856
467 457 2024 33695535424 108868091957
468 458 2027 33934529913 108965234925
469 459 2029 34014469862 108998354935
470 460 2032 34123942960 109134725692
471 461 2033 34223197828 109185828556
472 462 2041 34247690863 109241417650
473 463 2048 34252696448 109303516719
474 464 2049 34650178222 109532750676
475 465 2052 34650512958 109688732822
476 466 2053 35063425102 109817800456
477 467 2053 35139556612 110081082472
478 468 2054 35149849652 110163982481
479 469 2056 35164833475 110225093474
480 469 2056 35184807974 110292726077
481 470 2057 35226942240 110358148133
482 471 2058 35258688739 110860509671
483 472 2059 35363238029 110886256166
484 473 2059 35501820013 111040615958
485 474 2061 35589332010 111073217501
486 475 2062 35598523541 111114710674
487 476 2063 35702117416 111309604557
488 477 2064 35798800065 111372974946
489 478 2065 35799689771 111472691070
490 479 2067 35801231637 111472986371
491 480 2067 35813683100 111497520409
492 481 2074 35873764430 111510307902
493 482 2079 35882371704 111679142949
494 483 2085 35947677556 111819146045
495 484 2086 35948898477 111866678538
496 485 2087 35962181222 112047941566
497 486 2089 36080204401 113132223298
498 487 2091 36254217221 113492839699
499 488 2099 36296291524 113508502490
500 488 2102 36309929620 113508821045
501 489 2103 36531293521 113583824154
502 490 2106 36811002462 113686272893
503 491 2108 36813229009 113944729305
504 492 2109 36832967269 113944782162
505 493 2114 36833332525 113944810164
506 494 2115 37113259884 114061716081
507 495 2116 37120069124 114269506800
508 496 2116 37120914131 114269506800
509 497 2117 37126855642 114277032329
510 498 2118 37272668876 114277393415
511 499 2120 37373756519 114307990019
512 500 2137 37373940239 114562887083
513 501 2138 37408512633 114562887083
514 502 2138 37410785359 114576931042
515 503 2142 37425727820 115019814391
516 504 2142 37460226692 115038082257
517 505 2147 37462329189 115150890646
518 506 2147 37524496510 115209894044
519 507 2155 37527746955 115298165940
520 508 2157 37528489858 115407819960
521 509 2158 37602940623 115915019282
522 510 2160 37675454445 115915300463
523 511 2161 37684573382 116035954025
524 512 2163 37739739996 117107626218
525 512 2164 37845291210 117113447156
526 513 2165 37884383468 117200476757
527 514 2167 37930384265 117273237459
528 515 2171 37930994632 117293453133
529 516 2172 37931452643 117293453133
530 517 2173 37933435060 117512427522
531 518 2175 38264569713 117713843408
532 519 2182 38277791743 117725587639
533 520 2184 38289473251 117733419601
534 521 2186 38366132200 117893608336
535 522 2188 38382329909 117895504047
536 523 2189 38393150225 118265015387
537 524 2191 38394840938 118299785542
538 525 2195 38409658202 118299791686
539 526 2197 38621022691 118429097421
540 527 2201 38622486446 118906674723
541 528 2208 38684533983 119412163187
542 529 2209 38685535625 119444058739
543 530 2210 38811673544 119468279775
544 531 2213 38909541971 119593108209
545 532 2214 38910017414 119710463023
546 532 2214 39675161983 119712412587
547 533 2220 39676758835 120344374142
548 534 2222 39693863622 120494692792
549 535 2223 39703270342 120591423186
550 536 2224 39734872569 120591991004
551 537 2225 39741384635 120654234171
552 538 2227 39741624267 120747907063
553 539 2228 40263938448 120751879436
554 540 2232 40350049953 120805621106
555 541 2235 40354135056 120893808383
556 542 2240 40697238871 121081801068
557 543 2244 40744360945 121082630601
558 544 2247 40975783528 121348174840
559 545 2248 41565082695 121799929750
560 546 2250 41658820337 121800128841
561 547 2252 41661458272 121802732731
562 548 2253 41720454933 121817386765
563 548 2254 41764677582 121818612687
564 549 2264 41888697614 121818612687
565 550 2265 41944054811 122047442580
566 551 2266 42002168360 122312456482
567 552 2267 42017010757 122314165330
568 553 2268 42067246430 122526994807
569 554 2269 42067301764 122531496957
570 555 2270 42067350684 122903681209
571 556 2270 42133412284 123157125349
572 557 2271 42147820688 123157348268
573 558 2272 42262926564 123223530322
574 559 2273 42305390275 123274937857
575 560 2276 42308697795 123278970519
576 561 2280 42347127921 123478614325
577 562 2282 42403210174 123785255605
578 563 2282 42404037397 123785655511
579 564 2286 42405958150 123785922705
580 565 2288 42575550003 124182655803
581 566 2289 42692616776 124184249081
582 566 2291 42764480657 124342706029
583 567 2293 42783317058 124465659407
584 568 2301 43049490440 124704994372
585 569 2303 43050071966 124721082438
586 570 2303 43062490636 124770801741
587 571 2303 43157558409 124794728928
588 572 2304 43160595126 125280413249
589 573 2306 43160912641 125434044296
590 574 2310 43161995377 125721371169
591 575 2311 43430937338 125753752772
592 576 2312 43431107374 125951655399
593 576 2313 43590056142 126063097473
594 577 2316 43611306015 126276220674
595 578 2316 43630587934 126309215053
596 579 2317 43630747541 126425330947
597 580 2320 43634097760 126511412518
598 581 2321 43650980861 126705233045
599 582 2321 43807151645 126816644877
600 583 2321 43808560344 126891362337
601 584 2327 43957318244 127052644865
602 585 2328 44011847970 127158218222
603 586 2329 44018828411 127231216703
604 587 2330 44021001400 127266497934
605 588 2330 44034806814 127396316370
606 589 2331 44081914130 127485916765
607 590 2333 44333957661 127496000613
608 591 2335 44578369040 127510513730
609 592 2337 44579885817 127512224032
610 593 2337 44753907456 127903069359
611 593 2337 44811691945 128264349941
612 594 2338 44964111704 128521697364
613 595 2339 45089761668 128883713926
614 596 2343 45104365517 129117249200
615 597 2344 45484515478 129273416914
616 598 2350 45627258203 129422642322
617 599 2352 45683919336 129459067060
618 600 2353 45684439741 129582339090
619 601 2355 45709153243 129655420294
620 601 2356 45712714788 129720017748
621 602 2358 45712950194 130004460775
622 603 2359 45714110226 130115871392
623 604 2360 45722074646 130125124415
624 605 2362 46047201141 130125124415
625 606 2362 46141411698 130125701566
626 607 2363 46253702728 130180236280
627 608 2368 46254259312 130518085017
628 609 2369 46258041760 130650660477
629 610 2375 46324035178 130883800214
630 611 2377 46325323909 130885892167
631 612 2378 46405641483 130967938683
632 613 2379 46484252031 130979445304
633 613 2381 46487122648 130983156862
634 614 2382 46558601451 131486677864
635 615 2383 46646584224 131571585489
636 616 2385 46646628343 131713797937
637 617 2387 46742657330 131718278804
638 618 2388 46758188503 131888555734
639 619 2389 46768025264 132064290021
640 619 2390 46847959029 132404141432
641 620 2390 46852392602 132603927756
642 621 2391 46970773046 132670969139
643 622 2392 46979890973 132707658819
644 623 2393 47023513321 132903798261
645 624 2394 47091668877 133133313200
646 625 2395 47170631865 133137643203
647 626 2402 47225437476 133479177572
648 627 2403 47303336100 133488193730
649 628 2411 47303578970 133660856045
650 629 2412 47305901953 133667218896
651 630 2417 47306262749 133723773272
652 631 2420 47325861243 133808548731
653 632 2420 47402684904 133871309587
654 633 2423 47404958037 133995946661
655 634 2424 47407163681 134085140627
656 635 2427 47460978835 134199927346
657 636 2432 47479201426 134252308913
658 637 2437 47487599112 134457218298
659 638 2437 47564136214 134587903032
660 638 2438 47565114872 134694149915
661 639 2439 47594792700 134763382984
662 640 2441 47595071600 134763720401
663 641 2442 47601257051 134822665745
664 642 2445 47711261689 135042391975
665 643 2448 47754699011 135169314630
666 644 2449 47755572056 135169829125
667 645 2455 47759423851 135426794032
668 646 2457 47783361899 135459545832
669 647 2458 48110241452 135790680689
670 648 2459 48505238146 135919267740
671 649 2461 48676465716 136644071101
672 650 2462 48688487504 136756607511
673 651 2463 48842501899 136772649914
674 652 2465 49062261535 136773054834
675 653 2466 49142219641 136778791148
676 654 2469 49181108484 136862611410
677 655 2470 49181496291 136871046623
678 656 2471 49348907305 136995273546
679 656 2473 49356040479 137170472446
680 657 2474 49388987028 137232725268
681 658 2475 49555554999 137276278014
682 659 2477 49607132986 137305981244
683 660 2478 49642447535 137307104619
684 661 2482 49685734931 137411730925
685 662 2484 49762801290 137603895051
686 663 2486 49763036930 138035528218
687 664 2487 49763085825 138489646268
688 665 2488 49862200044 138614994977
689 666 2488 49939936314 138704809297
690 667 2490 50105334191 138869736424
691 668 2492 50343567907 138874146908
692 669 2493 50346644722 139281496624
693 670 2496 50352310087 139348915584
694 670 2497 50425328820 139355356762
695 671 2498 50457216533 139520381491
696 672 2499 50458649324 139799884602
697 673 2500 50458856534 139799884602
698 674 2502 50483169104 139836768966
699 675 2506 50486924919 139880171773
700 676 2506 50489028714 139962415317
701 677 2506 50591766033 139967557005
702 678 2508 50794847886 140096081908
703 679 2508 50831700330 140107857631
704 680 2509 50933473796 140323461444
705 681 2512 51081999575 140405877334
706 682 2518 51083991472 140410624578
707 683 2519 51254105776 140441315361
708 684 2520 51289085357 140557377429
709 685 2520 51374288861 140666300365
710 685 2522 51391617914 140849501557
711 686 2525 51549983236 140899958988
712 687 2526 51564390946 141180276713
713 688 2529 51564630322 141209580241
714 689 2530 51580946059 141209898969
715 690 2531 51875528649 141218258607
716 691 2533 51934956164 141224950268
717 692 2533 51968472381 141228786980
718 693 2536 52170928430 141501092715
719 694 2538 52171581767 141501664109
720 695 2541 52231234692 141834558288
721 696 2546 52253133235 141864481553
722 697 2548 52400013785 142027976687
723 698 2550 52400516100 142215364384
724 699 2550 52551085924 142318367545
725 700 2552 52563530296 142359475996
726 701 2553 52608162310 142369496820
727 702 2555 52609584792 142520430386
728 703 2555 52626526054 142860929891
729 704 2558 52629322221 142860977290
730 705 2561 52677109116 143118026285
731 706 2565 52848032137 143379922939
732 706 2567 52885849865 143751362981
733 707 2569 52886348761 143756293460
734 708 2570 52908026116 143756329002
735 709 2571 52908133056 143757453410
736 710 2571 52917153508 143807638721
737 711 2575 52917320569 144434721066
738 712 2576 52925646930 144638580653
739 713 2578 52962456705 144703399878
740 714 2579 53050767400 144987083055
741 715 2579 53189752653 145095148863
742 716 2581 53242239353 145113898635
743 717 2581 53245029401 145429757934
744 718 2583 53455578445 145702342780
745 718 2585 53789799568 145806866659
746 719 2586 53826988289 145806866659
747 720 2593 53827145098 145865911069
748 721 2597 53867388657 145868949878
749 722 2598 54224810643 145947764306
750 723 2601 54285958877 145982904298
751 724 2601 54370291434 146161260936
752 725 2602 54459119322 146373951527
753 726 2605 54505216849 146375093878
754 727 2607 54515621451 146888250960
755 728 2609 55062781708 147034181402
756 728 2610 55074171887 147036323303
757 729 2611 55078508870 147488324757
758 730 2611 55092721756 147495188066
759 730 2613 55131678227 147577481398
760 731 2616 55308610270 147833213095
761 732 2621 55388107872 147844326809
762 733 2622 55417726046 147969090797
763 734 2623 55474445666 148584177270
764 735 2627 55475007644 148792565364
765 736 2628 55479674863 148975070369
766 737 2631 55665722834 149027261003
767 738 2633 55669041416 149056587234
768 739 2635 55802225729 149243207022
769 740 2636 55816827415 149393267006
770 741 2638 56116651091 149599074308
771 742 2639 56362754545 149824101964
772 743 2642 56371499055 149841496149
773 744 2643 56484151031 149918768236
774 745 2644 56491181739 149968727529
775 746 2645 56491476745 149969590847
776 747 2648 56651437210 150006591593
777 748 2648 56662283464 150072707761
778 749 2652 56671632892 150116494400
779 749 2653 56681455855 150372460726
780 750 2656 56690352123 150397940037
781 751 2657 56768906147 150454668786
782 752 2660 56783829341 150458220263
783 753 2661 56806507063 150458220263
784 754 2663 56975835289 150678831833
785 755 2665 56979577058 150731407905
786 756 2666 57030026662 150828339476
787 757 2668 57031823274 150991544111
788 758 2669 57068862110 151059354184
789 759 2669 57112931218 151152912842
790 760 2670 57303563553 151565283819
791 760 2671 57303609410 151567929533
792 761 2674 57318550253 151582170081
793 762 2679 57318817176 151631463673
794 763 2679 57418224378 152003339323
795 764 2680 57488124826 152270248067
796 765 2682 57543125835 152309189145
797 766 2683 57782098536 152675120489
798 766 2685 57786196381 152689950244
799 767 2686 57786242792 153095288862
800 768 2688 57786420099 153096118769
801 769 2689 58108531536 153603223986
802 770 2690 58118795812 153811355332
803 771 2691 58231274036 153812385505
804 772 2693 58275553046 153896115603
805 773 2695 58276829351 153917083708
806 774 2696 58320232755 154122846640
807 775 2698 58418563756 154123727346
808 776 2700 58504142526 154134032947
809 777 2701 58540651511 154167912590
810 778 2704 58622382555 154297183648
811 779 2705 58707546390 154303196491
812 780 2705 58765323561 154548454323
813 781 2707 58818069650 154724050838
814 782 2710 58903820210 154918493047
815 783 2711 58940835760 155133673594
816 784 2712 58950213242 155189232787
817 785 2713 59049179935 155256274688
818 786 2713 59062233521 155430883699
819 786 2716 59089236677 155581749095
820 787 2717 59139148672 155628009304
821 788 2720 59200625333 155634727243
822 789 2720 59258531851 155812466877
823 790 2724 59278680268 155820398558
824 791 2725 59335561854 155821125314
825 792 2726 59418869858 155823815690
826 793 2727 59459872677 155983514642
827 794 2730 59485480251 156087674855
828 795 2730 59493748597 156087674855
829 795 2732 59552453532 156089783532
830 796 2732 59620867648 156093208419
831 797 2734 59798498823 156122100181
832 798 2736 59804123214 156144206904
833 799 2738 59819777538 156351223034
834 800 2740 60015386438 156789448695
835 801 2742 60156096941 156790537476
836 802 2747 60331736344 156867455023
837 803 2749 60339484112 156932740798
838 804 2750 60558480310 156932740798
839 805 2751 60674422063 156971156820
840 805 2752 60687084903 156971156820
841 806 2755 60687161258 157116871721
842 807 2756 60734011765 157127943715
843 808 2756 60742450265 157297282817
844 809 2756 60755341777 157335881754
845 810 2759 60824744235 157353819592
846 811 2763 60956445366 157706110401
847 812 2764 61038424537 157734745558
848 813 2764 61120537206 157901008606
849 813 2765 61236709270 157963373022
850 814 2767 61398392992 157964185245
851 815 2772 61427557187 157980904521
852 816 2773 61439848805 158030354325
853 817 2773 61496613667 158204100575
854 818 2774 61496922659 158237449636
855 819 2781 61532455553 158246595780
856 819 2782 61544498668 158569087827
857 820 2783 61664809350 158596748651
858 821 2784 61713383785 158671295242
859 822 2784 61770718872 158727749982
860 823 2785 61779257428 158835344675
861 824 2786 61813050924 158859737957
862 825 2787 61813071392 158880147253
863 826 2789 61973846579 159011754542
864 827 2790 61973879558 159041180747
865 828 2792 62114473772 159137407547
866 829 2794 62136176035 159217517274
867 830 2795 62137107703 159277616849
868 831 2796 62153387893 159345691249
869 832 2797 62229163477 159626058578
870 833 2800 62317728283 159655673720
871 833 2801 62357551536 159697626963
872 834 2803 62361222312 159697770309
873 835 2804 62445239392 159759644368
874 836 2805 62579717579 159777651485
875 837 2808 62621126307 159797136930
876 838 2809 62687352530 159977127623
877 839 2810 62877083648 160061879219
878 840 2812 62961969018 160379219217
879 841 2814 62963016146 160395725396
880 842 2815 62963993187 160395725396
881 843 2816 63077799106 160544199681
882 844 2817 63078686676 160548309064
883 845 2819 63111374156 160553549642
884 845 2819 63165400120 160555584611
885 846 2821 63171098251 161035387011
886 847 2827 63171161052 161261841413
887 848 2827 63298215644 161364462257
888 849 2834 63380293939 161627755911
889 850 2835 63427476810 161896199819
890 851 2837 63501714077 161937173788
891 852 2838 63595459382 162356208004
892 853 2841 63597131305 162424023875
893 854 2842 63602778758 162474754628
894 855 2844 63611479644 162494533902
895 856 2845 63634235291 162533503254
896 856 2849 63635122058 162533555181
897 857 2849 63744785095 162751656611
898 858 2850 63762181844 162751802896
899 859 2854 63769222161 163050028730
900 860 2855 63929305425 163067084445
901 861 2856 64015814542 163082238766
902 862 2858 64029394989 163113485482
903 863 2861 64300734519 163156392267
904 864 2862 64430353727 163522543222
905 865 2866 64514906691 163782045970
906 866 2867 64518246212 163841583972
907 867 2868 64532659603 164000843441
908 868 2868 64659925884 164186156438
909 869 2870 64666078570 164198515682
910 870 2871 64855857718 164790561965
911 871 2872 64914696061 165162039894
912 872 2875 64927784956 165204049567
913 873 2875 65037775978 165538930280
914 873 2876 65071872243 165627855937
915 874 2877 65126010819 165628243014
916 875 2877 65193721702 165638708738
917 876 2878 65253653913 165750215691
918 877 2879 65412783696 165764327413
919 878 2880 65591821714 165801481620
920 879 2883 65758742160 165801481620
921 880 2884 65764747006 165844892340
922 881 2885 65777753584 165926701040
923 882 2887 65778137298 166168561692
924 883 2890 65941415306 166174503083
925 884 2893 65953540264 166193108587
926 885 2893 65975467346 166352068158
927 886 2894 66018349752 166544640642
928 886 2899 66070489392 166786616509
929 887 2900 66184178916 166840592905
930 888 2901 66575002043 167071444705
931 889 2904 66577957288 167105585266
932 890 2905 66621533956 167375466031
933 891 2916 66647695910 167375466031
934 892 2916 66648144278 167421361519
935 892 2917 66659458587 167429873999
936 893 2922 66915723183 167488703385
937 894 2925 66979080255 167558109804
938 895 2926 66981064007 167683664164
939 896 2927 67070882281 168229515762
940 896 2928 67081866186 168230176880
941 897 2929 67177678330 168292635416
942 898 2930 67184466892 168306484392
943 899 2931 67238011096 168362009761
944 900 2931 67246275684 168612368498
945 901 2932 67247698700 168673438075
946 902 2933 67253306646 168684338492
947 903 2934 67319933051 168992609772
948 904 2934 67363611177 169251625737
949 905 2935 67533407745 169592830959
950 906 2936 67533583857 170116181397
951 907 2937 67644422964 170148045314
952 908 2938 67727648594 170357324738
953 908 2940 67772909115 170420004547
954 909 2941 67837224358 170420004547
955 910 2946 68026709084 170429686072
956 911 2952 68073209734 170431067562
957 912 2952 68116769269 170431067562
958 913 2955 68349881492 170549484665
959 914 2955 68350054638 170776946826
960 915 2956 68666380474 170825327397
961 916 2957 68807390541 170832133302
962 917 2958 68873747533 170932681852
963 918 2958 68873781458 171039942060
964 919 2959 69026307819 171039942060
965 920 2961 69034845817 171224472893
966 921 2962 69178527176 171224472893
967 922 2963 69332344314 171224481510
968 923 2964 69363563732 171517683161
969 923 2964 69419989580 171533736515
970 924 2967 69426161049 171533742700
971 925 2968 69651175125 171536609719
972 926 2969 69652792933 171552357326
973 927 2970 69655993923 171595079634
974 928 2971 69662054687 171619295012
975 929 2973 69665533517 171628633133
976 930 2974 69676613884 171776149909
977 930 2975 69701985362 171778065627
978 931 2979 69790486289 171778928945
979 932 2981 69869137713 171886303677
980 933 2981 69874588687 171904825949
981 934 2990 69905931890 172242784432
982 935 2991 69933047988 172245914255
983 936 2991 69997703896 172348962686
984 937 2993 70374108337 172478246390
985 938 2993 70417479782 172614173136
986 939 2995 70418175236 172748761550
987 940 2995 70451623474 172751189588
988 941 2995 70634114393 172836536416
989 942 2997 70640955668 172925169740
990 942 2998 70644711374 173113085417
991 943 3003 70775112764 173312808901
992 944 3007 70775545483 173396879018
993 945 3010 70934661591 173425974152
994 946 3011 71014130891 173648440898
995 947 3015 71027775032 174100796095
996 948 3016 71034366789 174355889071
997 949 3017 71036609552 174390496756
998 950 3017 71120338013 174398361577
999 951 3017 71120886770 174620635807
